0 27
1 108
2 177
3 258
4 327
5 408
6 477
7 560
8 627
9 709
10 778
11 858
12 928
13 1010
14 1081
15 1164
16 1235
17 1317
18 1387
19 1470
20 1541
21 1624
22 1695
23 1777
24 1849
25 1931
26 2005
27 2087
28 2158
29 2242
30 2315
31 2401
32 2473
33 2560
34 2631
35 2717
36 2790
37 2879
38 2953
39 3040
40 3116
41 3205
42 3284
43 3372
44 3450
45 3543
46 3625
47 3717
48 3795
49 3891
50 3972
51 4066
52 4148
53 4245
54 4325
55 4423
56 4503
57 4602
58 4684
59 4780
60 4860
61 4957
62 5041
63 5132
64 5212
65 5308
66 5387
67 5481
68 5560
69 5658
70 5741
71 5836
72 5917
73 6013
74 6094
75 6193
76 6273
77 6372
78 6454
79 6550
80 6632
81 6730
82 6814
83 6912
84 6991
85 7089
86 7169
87 7265
88 7344
89 7438
90 7518
91 7613
92 7692
93 7783
94 7861
95 7951
96 8024
97 8115
98 8192
99 8280
100 8355
101 8441
102 8516
103 8601
104 8675
105 8761
106 8835
107 8922
108 8995
109 9082
110 9154
111 9240
112 9312
113 9398
114 9471
115 9556
116 9630
117 9715
118 9788
119 9873
120 9944
121 10030
122 10103
123 10186
124 10258
125 10343
126 10415
127 10502
128 10573
129 10657
130 10732
131 10816
132 10888
133 10976
134 11048
135 11134
136 11207
137 11295
138 11368
139 11454
140 11528
141 11618
142 11693
143 11782
144 11857
145 11946
146 12025
147 12114
148 12189
149 12282
150 12359
151 12449
152 12525
153 12619
154 12695
155 12785
156 12861
157 12954
158 13033
159 13120
160 13197
161 13290
162 13366
163 13455
164 13530
165 13620
166 13697
167 13783
168 13856
169 13945
170 14021
171 14104
172 14178
173 14265
174 14340
175 14424
176 14494
177 14580
178 14653
179 14736
180 14807
181 14891
182 14965
183 15049
184 15118
185 15201
186 15274
187 15357
188 15427
189 15509
190 15580
191 15662
192 15732
193 15813
194 15885
195 15965
196 16035
197 16118
198 16188
199 16268
