339 14170
340 14204
341 14247
342 14284
343 14318
344 14352
345 14394
346 14431
347 14468
348 14503
349 14543
350 14581
351 14614
352 14647
353 14687
354 14728
355 14761
356 14796
357 14836
358 14874
359 14907
360 14939
361 14981
362 15019
363 15053
364 15086
365 15128
366 15164
367 15198
368 15231
369 15272
370 15309
371 15345
372 15376
373 15419
374 15457
375 15490
376 15522
377 15565
378 15600
379 15638
380 15669
381 15713
382 15749
383 15782
384 15816
385 15856
386 15895
387 15931
388 15963
389 16005
390 16044
391 16078
392 16110
393 16153
394 16190
395 16226
396 16259
397 16302
398 16340
399 16376
0 25
1 67
2 107
3 141
4 177
5 219
6 256
7 292
8 325
9 370
10 408
11 444
12 479
13 520
14 561
15 595
16 629
17 674
18 714
19 748
20 786
21 826
22 867
23 902
24 937
25 982
26 1021
27 1059
28 1094
29 1138
30 1178
31 1213
32 1250
33 1294
34 1334
35 1372
36 1408
37 1449
38 1492
39 1530
40 1564
41 1609
42 1652
43 1687
44 1724
45 1770
46 1810
47 1847
48 1882
49 1929
50 1969
51 2006
52 2043
53 2088
54 2130
55 2165
56 2201
57 2247
58 2289
59 2327
60 2363
61 2408
62 2450
63 2485
64 2523
65 2568
66 2611
67 2648
68 2683
69 2729
70 2770
71 2807
72 2843
73 2889
74 2932
75 2970
76 3006
77 3051
78 3091
79 3129
80 3166
81 3213
82 3254
83 3294
84 3328
85 3374
86 3418
87 3453
88 3492
89 3537
90 3579
91 3619
92 3655
93 3701
94 3743
95 3781
96 3818
97 3866
98 3907
99 3946
100 3982
101 4029
102 4072
103 4111
104 4147
105 4194
106 4238
107 4277
108 4315
109 4361
110 4402
111 4441
112 4478
113 4526
114 4569
115 4607
116 4645
117 4691
118 4733
119 4770
120 4808
121 4854
122 4899
123 4937
124 4973
125 5020
126 5062
127 5099
128 5134
129 5183
130 5226
131 5265
132 5302
133 5347
134 5389
135 5426
136 5464
137 5509
138 5553
139 5592
140 5626
141 5675
142 5715
143 5754
144 5790
145 5837
146 5881
147 5920
148 5958
149 6005
150 6045
151 6083
152 6121
153 6169
154 6215
155 6255
156 6293
157 6340
158 6383
159 6422
160 6459
161 6509
162 6553
163 6595
164 6635
165 6682
166 6726
167 6767
168 6806
169 6855
170 6900
171 6942
172 6981
173 7030
174 7076
175 7115
176 7155
177 7205
178 7251
179 7290
180 7331
181 7383
182 7425
183 7467
184 7506
185 7554
186 7602
187 7643
188 7682
189 7732
190 7779
191 7817
192 7857
193 7906
194 7951
195 7994
196 8033
197 8082
198 8128
199 8168
200 8205
201 8255
202 8300
203 8344
204 8382
205 8432
206 8477
207 8516
208 8554
209 8606
210 8651
211 8693
212 8731
213 8783
214 8825
215 8865
216 8905
217 8956
218 9003
219 9043
220 9082
221 9132
222 9177
223 9217
224 9257
225 9307
226 9353
227 9395
228 9433
229 9484
230 9530
231 9570
232 9611
233 9660
234 9706
235 9749
236 9790
237 9838
238 9883
239 9925
240 9964
241 10013
242 10061
243 10104
244 10145
245 10194
246 10240
247 10280
248 10320
249 10371
250 10418
251 10459
252 10500
253 10550
254 10596
255 10638
256 10677
257 10728
258 10775
259 10816
260 10857
261 10907
262 10952
263 10994
264 11033
265 11083
266 11130
267 11172
268 11212
269 11263
270 11308
271 11349
272 11385
273 11437
274 11485
275 11525
276 11565
277 11614
278 11659
279 11700
280 11739
281 11789
282 11835
283 11876
284 11915
285 11963
286 12007
287 12047
288 12087
289 12134
290 12181
291 12222
292 12260
293 12309
294 12352
295 12392
296 12431
297 12479
298 12524
299 12563
300 12602
301 12649
302 12694
303 12732
304 12768
305 12817
306 12862
307 12899
308 12939
309 12985
310 13025
311 13066
312 13101
313 13148
314 13191
315 13231
316 13267
317 13313
318 13354
319 13389
320 13426
321 13472
322 13513
323 13552
324 13588
325 13633
326 13670
327 13708
328 13743
329 13787
330 13829
331 13864
332 13899
333 13942
334 13982
335 14016
336 14051
337 14093
338 14133
339 14171
340 14203
341 14244
342 14285
343 14318
344 14351
345 14394
346 14433
347 14467
348 14501
349 14542
350 14581
351 14614
352 14648
353 14689
354 14729
355 14762
356 14795
357 14835
358 14873
359 14906
360 14939
361 14980
362 15020
363 15054
364 15088
365 15129
366 15165
367 15199
368 15230
369 15273
370 15311
371 15344
372 15379
373 15420
374 15457
375 15489
376 15522
377 15563
378 15604
379 15637
380 15671
381 15712
382 15749
383 15782
384 15815
385 15857
386 15896
387 15931
388 15965
389 16005
390 16044
391 16078
392 16110
393 16153
394 16192
395 16227
396 16259
397 16302
398 16340
399 16375
