0 17
1 100
2 171
3 253
4 322
5 405
6 475
7 558
8 628
9 708
10 781
11 865
12 936
13 1018
14 1092
15 1174
16 1247
17 1331
18 1405
19 1491
20 1563
21 1647
22 1722
23 1807
24 1879
25 1965
26 2040
27 2124
28 2198
29 2286
30 2359
31 2444
32 2519
33 2605
34 2679
35 2765
36 2838
37 2926
38 3001
39 3087
40 3162
41 3250
42 3325
43 3413
44 3486
45 3575
46 3651
47 3740
48 3815
49 3906
50 3983
51 4070
52 4146
53 4237
54 4312
55 4402
56 4478
57 4569
58 4645
59 4733
60 4809
61 4900
62 4979
63 5065
64 5140
65 5230
66 5307
67 5393
68 5468
69 5559
70 5636
71 5724
72 5798
73 5889
74 5966
75 6057
76 6133
77 6225
78 6304
79 6395
80 6473
81 6566
82 6648
83 6741
84 6819
85 6916
86 6996
87 7090
88 7170
89 7264
90 7346
91 7440
92 7521
93 7614
94 7697
95 7791
96 7871
97 7966
98 8044
99 8138
100 8219
101 8314
102 8395
103 8488
104 8566
105 8662
106 8742
107 8836
108 8915
109 9009
110 9090
111 9183
112 9262
113 9357
114 9438
115 9532
116 9613
117 9707
118 9790
119 9885
120 9964
121 10059
122 10142
123 10236
124 10316
125 10412
126 10494
127 10589
128 10669
129 10766
130 10847
131 10942
132 11023
133 11119
134 11200
135 11293
136 11373
137 11471
138 11549
139 11643
140 11721
141 11817
142 11898
143 11990
144 12070
145 12162
146 12242
147 12332
148 12413
149 12504
150 12583
151 12673
152 12750
153 12841
154 12917
155 13007
156 13084
157 13172
158 13249
159 13335
160 13408
161 13497
162 13571
163 13655
164 13726
165 13810
166 13883
167 13965
168 14036
169 14119
170 14191
171 14268
172 14337
173 14421
174 14488
175 14569
176 14637
177 14716
178 14785
179 14863
180 14928
181 15010
182 15078
183 15157
184 15221
185 15302
186 15371
187 15450
188 15516
189 15597
190 15664
191 15744
192 15811
193 15891
194 15960
195 16037
196 16107
197 16188
198 16257
199 16338
0 21
1 100
2 171
3 251
4 319
5 403
6 473
7 557
8 626
9 709
10 781
11 863
12 933
13 1018
14 1091
15 1174
16 1247
17 1331
18 1404
19 1490
20 1561
21 1646
22 1723
23 1806
24 1880
25 1964
26 2041
27 2126
28 2200
29 2285
30 2361
31 2447
32 2521
33 2607
34 2682
35 2768
36 2840
37 2928
38 3004
39 3090
40 3164
41 3253
42 3329
43 3415
44 3488
45 3578
46 3654
47 3741
48 3816
49 3904
50 3982
51 4071
52 4146
53 4236
54 4313
55 4402
56 4475
57 4566
58 4645
59 4733
60 4807
61 4897
62 4975
63 5060
64 5136
65 5225
66 5302
67 5389
68 5461
69 5552
70 5627
71 5715
72 5790
73 5880
74 5956
75 6047
76 6123
77 6213
78 6292
79 6382
80 6461
81 6554
82 6635
83 6727
84 6804
85 6899
86 6981
87 7074
88 7156
89 7248
90 7332
91 7426
92 7506
93 7601
94 7682
95 7777
96 7856
97 7950
98 8032
99 8126
100 8205
101 8300
102 8381
103 8476
104 8555
105 8650
106 8732
107 8826
108 8906
109 9000
110 9081
111 9175
112 9255
113 9352
114 9433
115 9528
116 9609
117 9704
118 9787
119 9881
120 9964
121 10059
122 10142
123 10236
124 10318
125 10414
126 10497
127 10594
128 10675
129 10771
130 10854
131 10949
132 11030
133 11127
134 11211
135 11304
136 11385
137 11480
138 11563
139 11657
140 11735
141 11832
142 11911
143 12004
144 12083
145 12175
146 12259
147 12348
148 12427
149 12519
150 12599
151 12688
152 12766
153 12856
154 12933
155 13022
156 13098
157 13188
158 13264
159 13350
160 13423
161 13511
162 13584
163 13668
164 13740
165 13825
166 13898
167 13978
168 14048
169 14132
170 14201
171 14282
172 14349
173 14429
174 14501
175 14576
176 14645
177 14724
178 14792
179 14872
180 14939
181 15016
182 15084
183 15164
184 15230
185 15306
186 15375
187 15454
188 15521
189 15599
190 15667
191 15746
192 15813
193 15894
194 15963
195 16041
196 16109
197 16190
198 16258
199 16340
0 25
1 105
2 175
3 256
4 323
5 407
6 478
7 559
8 629
9 711
10 783
11 866
12 936
13 1023
14 1093
15 1177
16 1249
17 1332
18 1408
19 1492
20 1563
21 1650
22 1722
23 1807
24 1882
25 1967
26 2040
27 2127
28 2201
29 2288
30 2362
31 2447
32 2520
33 2608
34 2684
35 2767
36 2841
37 2930
38 3005
39 3091
40 3164
41 3252
42 3328
43 3414
44 3489
45 3579
46 3654
47 3741
48 3817
49 3905
50 3982
51 4070
52 4145
53 4236
54 4313
55 4402
56 4476
57 4568
58 4644
59 4732
60 4807
61 4897
62 4975
63 5060
64 5135
65 5224
66 5301
67 5387
68 5463
69 5551
70 5626
71 5715
72 5789
73 5880
74 5957
75 6047
76 6121
77 6213
78 6291
79 6382
80 6461
81 6552
82 6634
83 6726
84 6806
85 6900
86 6981
87 7076
88 7153
89 7250
90 7332
91 7424
92 7506
93 7601
94 7683
95 7777
96 7856
97 7952
98 8033
99 8127
100 8207
101 8302
102 8383
103 8477
104 8555
105 8651
106 8733
107 8825
108 8904
109 8999
110 9081
111 9177
112 9255
113 9352
114 9433
115 9528
116 9609
117 9704
118 9785
119 9881
120 9962
121 10057
122 10142
123 10237
124 10320
125 10414
126 10498
127 10594
128 10674
129 10771
130 10854
131 10950
132 11031
133 11128
134 11209
135 11305
136 11386
137 11481
138 11562
139 11657
140 11737
141 11830
142 11910
143 12006
144 12083
145 12176
146 12258
147 12349
148 12427
149 12519
150 12599
151 12689
152 12767
153 12859
154 12934
155 13023
156 13099
157 13188
158 13264
159 13350
160 13423
161 13512
162 13585
163 13670
164 13739
165 13826
166 13896
167 13978
168 14049
169 14131
170 14203
171 14281
172 14350
173 14430
174 14498
175 14579
176 14645
177 14726
178 14794
179 14871
180 14939
181 15015
182 15086
183 15161
184 15229
185 15309
186 15376
187 15453
188 15521
189 15601
190 15667
191 15747
192 15814
193 15893
194 15961
195 16042
196 16109
197 16190
198 16260
199 16338
0 25
1 105
2 175
3 256
4 324
5 407
6 478
7 559
8 629
9 712
10 783
11 866
12 937
13 1021
14 1094
15 1176
16 1249
17 1333
18 1406
19 1490
20 1562
21 1650
22 1723
23 1808
24 1882
25 1967
26 2041
27 2126
28 2200
29 2287
30 2362
31 2448
32 2521
33 2611
34 2684
35 2769
36 2843
37 2930
38 3004
39 3090
40 3164
41 3253
42 3328
43 3415
44 3489
45 3578
46 3654
47 3742
48 3817
49 3906
50 3982
51 4069
52 4148
53 4236
54 4313
55 4400
56 4477
57 4568
58 4645
59 4732
60 4808
61 4897
62 4972
63 5061
64 5134
65 5225
66 5301
67 5388
68 5462
69 5550
70 5628
71 5714
72 5790
73 5879
74 5956
75 6045
76 6123
77 6213
78 6293
79 6382
80 6460
81 6553
82 6636
83 6728
84 6806
85 6898
86 6982
87 7074
88 7154
89 7250
90 7333
91 7425
92 7508
93 7601
94 7684
95 7776
96 7856
97 7952
98 8034
99 8127
100 8206
101 8300
102 8382
103 8475
104 8556
105 8649
106 8732
107 8826
108 8907
109 9000
110 9082
111 9175
112 9256
113 9351
114 9435
115 9529
116 9609
117 9705
118 9788
119 9880
120 9962
121 10060
122 10142
123 10238
124 10317
125 10416
126 10499
127 10594
128 10676
129 10770
130 10855
131 10949
132 11032
133 11127
134 11209
135 11304
136 11384
137 11480
138 11563
139 11656
140 11736
141 11830
142 11912
143 12004
144 12083
145 12176
146 12258
147 12350
148 12427
149 12518
150 12600
151 12688
152 12766
153 12856
154 12936
155 13023
156 13100
157 13188
158 13265
159 13350
160 13424
161 13508
162 13585
163 13670
164 13741
165 13825
166 13896
167 13979
168 14048
169 14132
170 14201
171 14282
172 14349
173 14432
174 14500
175 14579
176 14645
177 14726
178 14792
179 14872
180 14939
181 15017
182 15085
183 15163
184 15229
185 15308
186 15375
187 15455
188 15521
189 15600
190 15669
191 15747
192 15814
193 15893
194 15961
195 16043
196 16110
197 16191
198 16260
199 16339
0 16371
1 20
2 63
3 101
4 137
5 172
6 215
7 254
8 285
9 321
10 364
11 405
12 439
13 474
14 518
15 557
16 593
17 627
18 671
19 710
20 747
21 782
22 825
23 865
24 901
25 935
26 979
27 1021
28 1057
29 1093
30 1135
31 1176
32 1214
33 1248
34 1292
35 1333
36 1370
37 1406
38 1450
39 1490
40 1528
41 1563
42 1608
43 1648
44 1687
45 1723
46 1767
47 1810
48 1844
49 1880
50 1926
51 1967
52 2005
53 2042
54 2088
55 2128
56 2164
57 2200
58 2245
59 2289
60 2326
61 2361
62 2407
63 2449
64 2485
65 2523
66 2567
67 2609
68 2649
69 2684
70 2728
71 2768
72 2807
73 2843
74 2889
75 2931
76 2968
77 3005
78 3052
79 3091
80 3130
81 3166
82 3212
83 3254
84 3292
85 3329
86 3375
87 3416
88 3453
89 3490
90 3536
91 3579
92 3618
93 3655
94 3700
95 3744
96 3780
97 3818
98 3864
99 3908
100 3945
101 3983
102 4030
103 4073
104 4110
105 4146
106 4194
107 4239
108 4276
109 4314
110 4360
111 4402
112 4442
113 4478
114 4525
115 4568
116 4608
117 4646
118 4692
119 4734
120 4772
121 4807
122 4856
123 4897
124 4938
125 4975
126 5021
127 5062
128 5099
129 5136
130 5182
131 5226
132 5266
133 5302
134 5347
135 5389
136 5427
137 5464
138 5510
139 5552
140 5592
141 5629
142 5675
143 5715
144 5754
145 5790
146 5837
147 5881
148 5920
149 5956
150 6005
151 6046
152 6085
153 6122
154 6170
155 6215
156 6253
157 6293
158 6341
159 6385
160 6422
161 6461
162 6510
163 6555
164 6594
165 6635
166 6684
167 6726
168 6766
169 6804
170 6855
171 6901
172 6941
173 6981
174 7030
175 7076
176 7117
177 7155
178 7205
179 7252
180 7291
181 7333
182 7381
183 7427
184 7466
185 7506
186 7555
187 7602
188 7643
189 7683
190 7731
191 7778
192 7817
193 7857
194 7906
195 7951
196 7993
197 8036
198 8082
199 8128
200 8167
201 8207
202 8256
203 8303
204 8344
205 8384
206 8432
207 8477
208 8517
209 8555
210 8607
211 8650
212 8692
213 8734
214 8782
215 8826
216 8867
217 8907
218 8957
219 9000
220 9041
221 9083
222 9131
223 9178
224 9219
225 9256
226 9306
227 9354
228 9395
229 9435
230 9485
231 9529
232 9571
233 9611
234 9660
235 9708
236 9749
237 9789
238 9839
239 9884
240 9926
241 9966
242 10017
243 10062
244 10102
245 10144
246 10194
247 10239
248 10280
249 10319
250 10373
251 10417
252 10461
253 10500
254 10549
255 10597
256 10637
257 10677
258 10728
259 10776
260 10818
261 10856
262 10907
263 10953
264 10994
265 11034
266 11085
267 11131
268 11172
269 11212
270 11263
271 11307
272 11347
273 11388
274 11438
275 11486
276 11526
277 11566
278 11615
279 11658
280 11700
281 11739
282 11788
283 11836
284 11875
285 11915
286 11964
287 12007
288 12048
289 12087
290 12137
291 12181
292 12221
293 12260
294 12310
295 12353
296 12392
297 12432
298 12479
299 12525
300 12565
301 12602
302 12650
303 12693
304 12732
305 12769
306 12817
307 12862
308 12898
309 12938
310 12984
311 13026
312 13066
313 13103
314 13149
315 13193
316 13229
317 13268
318 13311
319 13355
320 13389
321 13426
322 13473
323 13513
324 13551
325 13588
326 13630
327 13672
328 13709
329 13744
330 13789
331 13828
332 13864
333 13899
334 13943
335 13982
336 14017
337 14050
338 14094
339 14134
340 14170
341 14203
342 14246
343 14284
344 14319
345 14352
346 14394
347 14432
348 14468
349 14503
350 14542
351 14580
352 14614
353 14648
354 14689
355 14728
356 14762
357 14795
358 14835
359 14874
360 14906
361 14939
362 14980
363 15018
364 15054
365 15087
366 15127
367 15165
368 15197
369 15231
370 15271
371 15309
372 15345
373 15378
374 15418
375 15456
376 15490
377 15523
378 15563
379 15602
380 15638
381 15670
382 15712
383 15750
384 15782
385 15815
386 15858
387 15896
388 15930
389 15964
390 16006
391 16044
392 16077
393 16110
394 16152
395 16193
396 16227
397 16262
398 16302
399 16339
