0 24
1 106
2 179
3 257
4 325
5 407
6 478
7 560
8 630
9 711
10 785
11 868
12 939
13 1022
14 1093
15 1178
16 1250
17 1334
18 1408
19 1492
20 1564
21 1650
22 1724
23 1810
24 1882
25 1968
26 2043
27 2129
28 2201
29 2290
30 2364
31 2450
32 2523
33 2612
34 2686
35 2772
36 2844
37 2934
38 3008
39 3094
40 3168
41 3256
42 3330
43 3417
44 3492
45 3581
46 3657
47 3743
48 3820
49 3908
50 3983
51 4072
52 4147
53 4238
54 4315
55 4402
56 4478
57 4568
58 4645
59 4732
60 4806
61 4898
62 4975
63 5060
64 5134
65 5223
66 5299
67 5386
68 5461
69 5547
70 5624
71 5711
72 5786
73 5875
74 5952
75 6040
76 6116
77 6208
78 6286
79 6377
80 6454
81 6547
82 6626
83 6720
84 6798
85 6892
86 6973
87 7069
88 7146
89 7242
90 7325
91 7417
92 7498
93 7594
94 7675
95 7770
96 7849
97 7946
98 8026
99 8119
100 8199
101 8295
102 8378
103 8470
104 8549
105 8646
106 8727
107 8822
108 8901
109 8997
110 9079
111 9173
112 9255
113 9348
114 9432
115 9527
116 9608
117 9704
118 9788
119 9882
120 9965
121 10060
122 10144
123 10240
124 10322
125 10418
126 10503
127 10599
128 10679
129 10777
130 10860
131 10956
132 11038
133 11134
134 11217
135 11313
136 11393
137 11489
138 11571
139 11666
140 11745
141 11839
142 11922
143 12015
144 12094
145 12189
146 12268
147 12361
148 12438
149 12529
150 12609
151 12699
152 12777
153 12869
154 12945
155 13035
156 13108
157 13197
158 13274
159 13360
160 13433
161 13520
162 13592
163 13676
164 13749
165 13834
166 13904
167 13989
168 14057
169 14138
170 14208
171 14288
172 14356
173 14438
174 14506
175 14584
176 14650
177 14730
178 14799
179 14875
180 14941
181 15021
182 15090
183 15167
184 15232
185 15311
186 15378
187 15458
188 15523
189 15602
190 15670
191 15748
192 15817
193 15895
194 15964
195 16043
196 16110
197 16192
198 16260
199 16339
