0 16374
1 25
2 67
3 107
4 142
5 178
6 219
7 256
8 291
9 325
10 369
11 409
12 445
13 479
14 520
15 561
16 596
17 629
18 674
19 713
20 750
21 785
22 829
23 868
24 903
25 938
26 981
27 1024
28 1061
29 1094
30 1139
31 1179
32 1215
33 1250
34 1294
35 1336
36 1371
37 1408
38 1453
39 1493
40 1529
41 1564
42 1610
43 1651
44 1688
45 1724
46 1768
47 1811
48 1846
49 1883
50 1928
51 1968
52 2008
53 2043
54 2089
55 2130
56 2166
57 2201
58 2245
59 2289
60 2327
61 2363
62 2408
63 2449
64 2486
65 2522
66 2568
67 2611
68 2647
69 2684
70 2729
71 2770
72 2807
73 2843
74 2890
75 2932
76 2969
77 3007
78 3051
79 3094
80 3129
81 3165
82 3212
83 3255
84 3293
85 3330
86 3376
87 3417
88 3454
89 3491
90 3538
91 3580
92 3618
93 3653
94 3702
95 3744
96 3781
97 3816
98 3865
99 3908
100 3945
101 3984
102 4030
103 4073
104 4111
105 4148
106 4194
107 4237
108 4277
109 4315
110 4360
111 4403
112 4441
113 4478
114 4525
115 4569
116 4607
117 4645
118 4691
119 4732
120 4770
121 4807
122 4855
123 4898
124 4937
125 4974
126 5021
127 5062
128 5100
129 5136
130 5182
131 5225
132 5265
133 5302
134 5347
135 5389
136 5426
137 5464
138 5510
139 5553
140 5591
141 5627
142 5676
143 5715
144 5755
145 5790
146 5838
147 5882
148 5920
149 5958
150 6004
151 6045
152 6083
153 6123
154 6169
155 6214
156 6255
157 6293
158 6340
159 6384
160 6424
161 6460
162 6508
163 6554
164 6595
165 6634
166 6683
167 6728
168 6767
169 6805
170 6855
171 6900
172 6941
173 6980
174 7030
175 7077
176 7115
177 7155
178 7205
179 7251
180 7292
181 7331
182 7379
183 7427
184 7466
185 7506
186 7555
187 7601
188 7643
189 7682
190 7733
191 7776
192 7818
193 7857
194 7907
195 7953
196 7992
197 8034
198 8083
199 8128
200 8165
201 8206
202 8256
203 8301
204 8343
205 8384
206 8432
207 8476
208 8518
209 8556
210 8605
211 8651
212 8692
213 8732
214 8781
215 8828
216 8867
217 8907
218 8957
219 9001
220 9044
221 9084
222 9132
223 9176
224 9218
225 9258
226 9308
227 9352
228 9396
229 9434
230 9484
231 9530
232 9570
233 9610
234 9661
235 9706
236 9749
237 9788
238 9837
239 9884
240 9924
241 9964
242 10015
243 10062
244 10104
245 10142
246 10192
247 10240
248 10282
249 10320
250 10372
251 10417
252 10459
253 10501
254 10551
255 10596
256 10638
257 10678
258 10729
259 10774
260 10817
261 10858
262 10907
263 10952
264 10995
265 11033
266 11084
267 11133
268 11173
269 11211
270 11262
271 11306
272 11348
273 11388
274 11438
275 11485
276 11525
277 11564
278 11613
279 11660
280 11700
281 11736
282 11790
283 11835
284 11876
285 11913
286 11963
287 12008
288 12048
289 12087
290 12136
291 12182
292 12223
293 12259
294 12308
295 12353
296 12393
297 12430
298 12479
299 12522
300 12563
301 12601
302 12649
303 12693
304 12732
305 12769
306 12817
307 12859
308 12900
309 12937
310 12984
311 13026
312 13064
313 13102
314 13148
315 13191
316 13230
317 13267
318 13311
319 13354
320 13390
321 13427
322 13473
323 13514
324 13551
325 13588
326 13630
327 13670
328 13708
329 13743
330 13786
331 13827
332 13866
333 13899
334 13942
335 13982
336 14018
337 14050
338 14094
339 14134
340 14171
341 14204
342 14246
343 14285
344 14317
345 14351
346 14393
347 14433
348 14469
349 14501
350 14543
351 14581
352 14614
353 14647
354 14690
355 14727
356 14761
357 14796
358 14837
359 14875
360 14906
361 14939
362 14982
363 15020
364 15053
365 15085
366 15129
367 15165
368 15198
369 15231
370 15272
371 15310
372 15344
373 15377
374 15420
375 15454
376 15489
377 15523
378 15562
379 15603
380 15636
381 15669
382 15712
383 15750
384 15783
385 15814
386 15857
387 15896
388 15932
389 15964
390 16007
391 16043
392 16076
393 16109
394 16153
395 16192
396 16226
397 16260
398 16301
399 16340
